Webots Project File version R2019b
perspectives: 000000ff00000000fd000000030000000000000320000003d0fc0100000003fc00000000ffffffff0000000000fffffffc0200000001fb00000012005300630065006e006500540072006500650100000015000002750000000000000000fb0000001e00480074006d006c0052006f0062006f007400570069006e0064006f00770000000000000003200000000000000000fb0000001a0044006f00630075006d0065006e0074006100740069006f006e0000000000ffffffff0000006900ffffff00000001000002bf000002b5fc0200000001fb0000001400540065007800740045006400690074006f00720100000015000002b50000008700ffffff000000030000078000000119fc0100000001fb0000000e0043006f006e0073006f006c00650100000000000007800000006900ffffff000004bf000002b500000004000000040000000100000008fc00000000
simulationViewPerspectives: 000000ff00000001000000020000016c000004a00100000002010000000101
sceneTreePerspectives: 000000ff0000000100000002000000c0000001120100000002010000000201
maximizedDockId: -1
centralWidgetVisible: 1
selectionDisabled: 0
viewpointLocked: 0
orthographicViewHeight: 1
textFiles: 0 "controllers/nao_test/nao_test.py" "motions/nao_motion.motion"
renderingDevicePerspectives: NAO:CameraTop;1;0.29375;0;0
renderingDevicePerspectives: NAO:CameraBottom;1;0.29375;0;0
